260321148
2492010608
563521400
580215384
132125689
1739832391
187778511
3146128793
1855111026
3040513688
178718120
55334810
2230726125
177928591
2000119801
20728448
297907015
202175601
288523026
59889670
3216210635
34427713
39595987
954411122
1811430978
2053511702
659931758
2643015599
16293144
2334523919
97429176
1609814928
2273922466
182563058
2747228746
931011210
828513575
1164619103
175505570
2493827959
85545163
193584868
259706251
3083610007
427428821
1643115668
193128849
2936615044
1164829590
1373291
2832815994
277678846
1823518305
1976419169
297435910
323624448
1898514021
176013507
268312795
885413098
274515710
2796917123
9579826
90773278
120475617
184510600
1326726999
1221716921
2980919002
2125314508
258393883
149021605
144923015
69191652
227529556
168949121
3234329163
618819253
256310238
327635222
1071125684
1708718278
